2582 633 1641 
614 888 2065 
2469 1407 1703 
2544 2600 834 
2175 2221 2507 
2612 1629 1659 
373 1125 1025 
208 2554 861 
2543 1347 2245 
723 2442 77 
2690 611 1444 
149 1846 430 
2662 1318 1862 
215 1875 224 
2034 775 1812 
2369 2368 765 
1717 1731 970 
2140 1316 1301 
1782 139 1772 
295 2342 1877 
2270 2375 2269 
2664 745 1438 
1234 2242 463 
1698 1267 2161 
899 201 2139 
1929 835 2449 
2604 123 122 
2230 2360 171 
322 1638 926 
2400 1350 896 
738 788 1951 
1594 2003 1964 
1850 666 1133 
442 2120 2259 
664 1853 1854 
2256 1353 97 
1552 859 1089 
1487 1362 1668 
794 863 781 
1349 443 1264 
849 1175 681 
992 1881 181 
1372 87 621 
2240 2645 2463 
2432 982 1016 
2301 2303 453 
848 2366 246 
1024 625 2437 
1662 1889 1823 
1807 2361 192 
750 241 1700 
1201 710 2216 
80 2182 81 
1886 1766 1601 
1073 2338 2531 
2024 211 885 
1226 2341 959 
325 619 1293 
2334 1749 1833 
1154 757 2446 
2274 331 2638 
771 1924 1156 
1517 2523 1198 
2021 1376 2071 
2492 758 1520 
2418 1322 2419 
2631 1496 2630 
540 1457 803 
1886 1764 1766 
1926 2189 1013 
2184 1381 2299 
2691 206 1522 
1480 1760 1492 
1035 2597 1745 
1279 901 2186 
84 284 2225 
1982 851 2020 
1276 1803 1537 
2306 1101 1664 
795 1260 1248 
1117 861 257 
423 2180 347 
916 2531 1382 
2616 188 1520 
2225 75 2222 
307 991 864 
2521 192 382 
2022 1849 42 
514 2385 162 
2562 1653 1401 
1736 1763 1689 
2123 783 683 
1836 1835 108 
2425 1080 437 
248 2615 443 
2054 2197 2074 
551 1918 830 
1353 35 2256 
1919 604 1973 
2604 26 123 
2072 2183 1397 
1209 2616 2242 
1670 2174 303 
1790 1180 1304 
401 2647 864 
1721 689 2651 
2461 520 184 
1650 986 541 
2209 1836 92 
1781 459 2082 
657 1262 1528 
1737 2492 1148 
660 1144 1771 
1675 282 2101 
1117 711 434 
600 1883 2397 
225 1885 2217 
259 2537 2602 
1104 554 1343 
659 1959 1343 
1979 483 1980 
1307 1600 476 
2455 123 26 
26 122 2455 
1782 1622 2095 
2363 1794 1796 
2046 2079 2324 
2191 646 318 
392 2375 2270 
551 822 1637 
478 2020 1982 
683 2123 163 
379 1549 2286 
1772 1623 487 
2505 2089 1560 
2504 388 446 
1638 322 170 
2697 2491 1899 
2048 2320 2650 
1782 937 1772 
488 2547 1207 
2206 2343 2034 
2054 315 2180 
1986 1870 566 
213 2192 1165 
537 1593 1902 
405 2059 1468 
1447 461 1494 
1889 2518 1008 
572 11 430 
1945 875 1942 
627 2040 2121 
2645 706 2399 
459 2318 1787 
2642 364 1307 
156 929 1446 
155 929 1763 
2430 570 2471 
791 1126 2205 
531 1548 775 
743 277 745 
2016 1851 1142 
815 514 88 
559 2029 2438 
1614 2342 147 
1473 2707 869 
2583 247 607 
2437 168 2634 
2437 1056 2482 
1432 1445 2707 
1358 1596 136 
790 606 2230 
1472 240 512 
1033 1586 2377 
1037 952 806 
712 850 1362 
1661 2179 314 
1688 2679 1639 
207 345 2595 
2663 1272 914 
606 790 171 
778 262 1352 
183 997 2174 
997 1794 1796 
520 2388 106 
2002 1877 1556 
1536 548 2138 
1208 1419 2259 
1727 1209 1714 
2392 535 1722 
1939 210 1259 
1912 1713 486 
2119 49 2637 
1455 1381 70 
473 2564 2647 
2171 2357 2355 
2121 2040 503 
2412 968 1988 
1071 799 2673 
420 1399 2702 
1439 2676 625 
899 24 17 
353 1250 545 
1097 829 601 
2014 1843 966 
1815 1241 892 
2691 71 1987 
178 345 2595 
7 2479 731 
361 1449 2683 
190 1098 1048 
885 787 2024 
2258 2552 1084 
144 2192 1165 
2193 2346 2589 
13 335 1852 
1241 1100 1875 
2648 2473 2474 
1348 2268 2303 
1363 1931 776 
376 672 2456 
2028 2354 1993 
821 1201 710 
1719 1734 359 
1299 1817 1212 
2255 250 1885 
1860 235 2007 
2279 513 2408 
1231 653 246 
1405 1839 1147 
1603 923 605 
387 1420 2396 
179 1868 1701 
1404 400 1954 
2591 2287 1566 
1860 226 1774 
126 741 1367 
2632 2540 2242 
360 940 612 
1836 2666 92 
1472 512 172 
2272 648 1700 
2151 2281 550 
2647 473 1642 
1729 1167 2374 
166 1664 375 
1694 848 228 
2583 166 607 
1264 443 1531 
2468 1403 130 
2429 225 1045 
1936 1340 402 
1163 2050 1683 
1934 872 1943 
1211 1933 812 
1266 2326 1289 
2345 1514 291 
2197 1388 964 
1094 1401 2645 
117 2537 848 
1107 2469 2379 
1479 1508 856 
1918 1352 955 
1612 1719 1292 
844 1345 448 
750 1707 2272 
2229 809 1097 
515 670 2290 
2389 2374 1712 
2246 1629 1086 
2423 1239 287 
813 2387 1202 
2276 1844 1174 
509 1242 2304 
951 931 1189 
805 706 2237 
1695 2502 2408 
1420 2396 724 
2589 2061 393 
1195 868 287 
433 2345 1514 
2006 2539 1750 
2110 1207 2289 
1260 938 2566 
2224 75 84 
1203 1215 1410 
2337 1436 635 
2705 270 2423 
971 1113 916 
344 1805 852 
1189 1833 58 
1514 256 2345 
1036 1188 1369 
1489 272 835 
2047 1335 468 
338 812 1211 
905 1499 2452 
2573 729 2430 
2617 1217 607 
1417 2520 774 
634 1882 1677 
853 2643 1040 
2143 719 409 
719 1670 407 
320 270 432 
1923 1493 691 
2046 1775 2079 
991 85 2333 
1670 2327 303 
1278 453 2008 
1950 620 186 
1894 2117 1147 
2392 1722 2553 
1062 1809 1808 
1793 176 1832 
142 408 2054 
2629 692 2360 
1779 2084 1144 
1346 1337 2319 
1451 2646 853 
1597 1255 1138 
1450 2519 1005 
28 1638 136 
2024 621 498 
2156 1333 2155 
2021 57 1435 
1339 1753 1752 
2063 1325 928 
2413 2581 1589 
484 2624 2701 
1788 1726 1550 
1972 2274 60 
1703 2003 1964 
1210 2703 1648 
1926 1981 2183 
1859 1875 521 
892 1815 205 
1499 2452 905 
812 295 1933 
1061 924 2382 
528 1369 1272 
1557 2558 1685 
1167 2106 1030 
1132 690 1867 
289 35 2323 
207 178 2595 
1471 999 1646 
408 2180 2049 
1255 2250 1597 
2427 116 1501 
1367 2080 1705 
1861 1872 226 
1217 1810 1331 
202 1250 545 
1006 432 9 
663 594 2294 
55 1259 210 
1627 2651 615 
1306 1638 1238 
742 1734 223 
238 448 940 
2683 1449 209 
1649 2354 2028 
2607 926 637 
2642 764 732 
1407 614 2 
1127 1995 2009 
1550 943 2300 
2518 1257 2538 
2483 1823 2680 
1415 1553 1414 
1354 392 128 
1834 1691 687 
6 1125 1025 
2146 1101 2147 
2401 2434 470 
672 2422 2456 
1621 2268 1192 
602 381 1892 
132 1549 2284 
477 2569 930 
378 373 602 
1696 2521 1270 
1062 313 1809 
660 1551 836 
2484 1662 2483 
2115 909 1232 
2174 939 231 
135 446 1029 
1722 2086 1072 
1108 2630 66 
746 524 1232 
128 1415 1354 
2061 2060 2273 
2351 1129 849 
765 2368 15 
1210 1648 1095 
879 1590 617 
2358 1271 730 
2107 2591 2145 
1954 1404 233 
104 288 1096 
877 1300 1177 
2654 760 2689 
1170 1476 1616 
146 2059 738 
1684 1304 2486 
719 1871 2319 
347 2180 315 
2143 302 719 
2665 1179 676 
2609 2004 1434 
1972 60 2638 
2149 658 1672 
2111 555 1391 
1309 1526 323 
215 1299 1852 
1871 2045 2319 
2551 1595 2244 
2428 896 1087 
199 1399 2228 
2533 1392 2214 
545 2619 2618 
81 525 315 
818 1977 1494 
1361 427 533 
1158 1772 1773 
1361 1398 425 
2678 996 1366 
863 38 794 
983 1261 912 
2695 2694 1393 
1442 354 1597 
280 2108 1118 
2133 1117 114 
1448 1704 1251 
2018 1927 2405 
718 1324 1080 
718 885 437 
2657 2658 1888 
454 1512 581 
440 908 895 
33 2120 954 
1264 248 1531 
515 2290 582 
2114 2115 1987 
1029 2166 2030 
1226 56 1616 
844 360 1698 
1280 2581 2612 
1303 1532 1633 
1538 666 32 
1783 1767 1564 
1806 45 309 
1879 581 2190 
1242 846 509 
2686 2687 61 
474 710 2213 
2614 798 659 
153 2318 1787 
1186 968 1445 
147 2315 2011 
1048 506 1301 
1234 2002 22 
952 2445 567 
2228 1399 2395 
970 2503 580 
1390 2314 1172 
1490 1312 2047 
2304 2702 601 
2401 2434 375 
1844 2396 1420 
1409 1579 1828 
2647 194 243 
457 1181 2213 
1252 2313 2051 
1800 2560 1187 
380 2569 930 
130 2178 1332 
1197 2103 573 
1736 1689 1426 
823 784 2650 
1465 784 1130 
1979 1980 120 
1778 2090 329 
2219 2689 229 
2077 2033 191 
2107 1772 1782 
140 2547 1207 
1150 2450 1077 
1973 98 1683 
1394 1477 2067 
2538 1257 1026 
1759 2414 1244 
2441 2523 2460 
1327 1328 2192 
992 1956 1527 
680 1517 2511 
2024 323 211 
2458 2649 506 
1971 362 2551 
1480 1562 1492 
1570 1976 571 
2348 574 2040 
1420 2396 277 
814 808 2382 
2458 499 462 
1413 1457 735 
2617 1991 824 
1242 273 846 
682 2028 880 
1822 1811 1819 
240 1472 172 
1749 2279 1161 
162 88 815 
2290 444 670 
1880 2104 1115 
1037 965 839 
847 1373 1172 
563 2045 939 
184 701 106 
1876 547 1854 
2098 975 1495 
2406 1669 1563 
616 391 2623 
423 81 52 
1007 2279 1038 
1467 1139 2053 
340 2101 2628 
2260 1417 1051 
1729 1167 708 
159 1548 1001 
1863 766 1701 
425 2279 1038 
883 629 933 
2392 189 1722 
221 770 1993 
1593 2192 495 
1286 1613 1657 
1293 1840 2312 
803 2461 67 
107 904 1650 
2081 1775 1770 
2021 325 63 
1835 1504 2161 
422 569 202 
2125 1357 1111 
521 1876 1100 
1536 1937 1523 
2411 2410 1810 
2343 2521 2475 
129 822 96 
2201 2211 2487 
2653 2422 2310 
1022 2095 2145 
2188 1625 414 
1144 1770 112 
2208 919 1861 
876 1496 974 
163 2029 1182 
2526 1428 1534 
1458 2646 1575 
742 2452 969 
519 2045 939 
2443 615 357 
1610 2466 1528 
673 1859 1100 
952 464 1426 
1116 1223 1810 
592 545 2660 
2430 1636 1055 
1976 1570 502 
149 1118 983 
1998 2407 479 
503 196 2040 
2162 942 697 
2335 2417 1906 
681 849 866 
1421 973 1085 
1004 1134 1329 
2444 2503 2476 
1512 1792 454 
444 515 2290 
2223 2222 2226 
2463 2461 2704 
2350 774 1429 
1498 2371 2293 
1032 1310 2639 
286 1051 635 
980 2252 2251 
644 1954 400 
2120 405 146 
2669 569 662 
2020 1677 1667 
663 355 2029 
1091 1451 1590 
1370 1402 1226 
1851 2099 2264 
1636 1473 2430 
2368 2369 15 
1027 2397 1883 
753 829 2304 
378 381 1892 
716 2409 123 
1592 2190 98 
230 923 972 
790 180 171 
247 2583 166 
1251 1790 1775 
2446 1599 657 
114 711 404 
2690 641 2704 
238 2638 360 
1733 359 1389 
888 1 2469 
2651 2443 564 
744 524 1709 
697 2162 705 
1621 2291 401 
2347 2158 57 
1221 2534 2412 
1978 323 1372 
1951 2344 1559 
1102 2547 488 
1232 524 675 
1024 47 2676 
1724 2556 2558 
151 2121 2040 
1136 2445 1727 
534 883 933 
115 2005 1027 
913 2372 2527 
976 1431 2599 
0 1641 1124 
300 1630 1338 
1544 2337 286 
2292 1578 2231 
1866 2607 1166 
2387 1484 893 
1929 1268 2449 
1090 1093 1271 
2704 611 2690 
1017 2040 1078 
2407 1879 581 
590 1954 2638 
2209 763 108 
2621 679 1337 
294 2491 2087 
2272 2273 1060 
987 1456 1364 
2083 1756 957 
891 2608 323 
1153 761 654 
1231 228 183 
1556 1877 1969 
2322 1193 112 
2089 1584 2048 
110 2446 609 
413 2149 1227 
1803 2576 989 
384 1771 112 
1885 2255 1296 
932 1065 592 
594 355 1472 
1323 1853 1854 
2041 714 617 
32 1850 1133 
2331 2510 86 
2384 600 769 
1159 1577 1124 
515 1102 2290 
1850 1302 2189 
2456 376 866 
1454 566 717 
717 769 1626 
934 1010 2623 
2235 2665 410 
1112 1202 1061 
1265 862 2008 
646 1122 2621 
1517 497 1069 
1445 1446 577 
2188 1840 2153 
131 2123 163 
72 1760 1480 
2403 1856 1289 
1709 2651 1164 
1710 1834 2444 
1206 1545 2673 
1721 1632 105 
1132 343 1865 
1261 2037 983 
2629 837 2360 
1979 838 2280 
1155 1088 1961 
2327 132 1313 
21 2664 553 
617 942 1924 
2150 1015 588 
2319 1797 2320 
2639 917 1691 
520 2388 2069 
1464 596 735 
2516 2497 1961 
1743 1620 2390 
2162 617 2472 
152 805 1240 
2264 2099 1341 
773 2179 1729 
1897 2592 2211 
1201 457 474 
114 858 2288 
850 2480 1359 
1044 2433 917 
1275 2042 2039 
2091 684 836 
603 2409 1057 
674 673 1454 
1324 2472 437 
407 303 2143 
233 1619 590 
1034 967 2659 
1874 17 1273 
9 2442 871 
277 571 1043 
1616 842 1512 
1533 2675 956 
2700 2571 1877 
1398 945 768 
1159 669 2535 
2369 2370 15 
2669 370 1415 
764 1761 2685 
2305 642 862 
736 2056 1006 
739 2100 1190 
734 1006 2056 
120 815 2317 
30 2039 405 
735 1190 2100 
2033 1002 788 
236 1282 2517 
562 2452 359 
745 160 766 
1714 616 2651 
743 21 160 
1532 1303 450 
2110 1973 2396 
1723 2558 626 
1128 2275 720 
648 265 1707 
2277 839 1388 
1685 1546 1557 
2103 1338 601 
1384 1760 1123 
1898 1741 1309 
55 2265 2416 
1284 1604 59 
1762 2492 2616 
1817 1859 224 
2654 929 2689 
1153 1087 896 
1506 2254 2106 
2209 108 645 
732 364 1148 
395 15 2368 
1863 532 1701 
2599 1746 985 
728 1723 2553 
1626 1511 668 
1149 1846 1993 
1156 61 1039 
908 2068 747 
384 708 958 
585 2350 2524 
1548 159 531 
1943 1931 253 
2527 2061 393 
181 262 604 
1919 1482 1370 
2341 1476 1170 
1160 794 38 
1162 1785 2435 
91 1061 893 
2650 823 481 
1294 413 1448 
947 1679 1273 
885 211 2386 
1002 740 30 
1454 1970 1350 
171 606 962 
1891 158 1126 
531 2661 159 
1960 1896 864 
38 781 2283 
127 1248 79 
1761 1721 296 
1710 1833 2377 
1795 1794 997 
1545 688 198 
1834 641 1019 
1146 694 1555 
1752 2536 804 
2461 540 584 
2536 358 1752 
275 706 1240 
1383 1037 174 
1956 1179 412 
1785 814 505 
266 199 1097 
2262 238 612 
855 1907 900 
1933 1940 338 
271 1202 677 
2498 808 2382 
162 478 1314 
1999 120 1842 
155 220 156 
1977 424 1930 
1606 1546 1754 
2545 2561 1007 
222 1201 710 
1637 777 129 
481 784 2650 
2606 2561 1768 
1744 1492 501 
1851 2287 234 
1980 1999 1034 
2465 2373 1207 
601 753 203 
1387 2644 96 
741 2517 1282 
2600 1046 1202 
2495 348 1728 
2631 876 66 
1654 14 2034 
1551 2404 384 
2629 2670 692 
2280 1500 2185 
965 964 751 
2487 2488 2330 
224 1212 1854 
2016 2022 2010 
846 994 2513 
448 264 562 
2568 1297 1866 
1242 509 1228 
518 70 451 
46 259 246 
2351 394 577 
712 2480 1359 
2015 76 1982 
2323 2561 289 
1720 1719 301 
1878 2256 35 
811 2398 639 
1390 2314 1857 
245 1097 2229 
1524 711 1515 
1552 1089 36 
644 777 2111 
964 80 1117 
678 2119 1590 
38 429 794 
2210 1960 932 
366 1127 2663 
649 2456 1171 
2614 760 871 
1195 279 2425 
766 2707 165 
1993 2489 2610 
2439 2530 2442 
1934 1943 253 
1708 985 2537 
1774 1872 882 
150 1945 1944 
558 834 2631 
1177 1176 402 
2593 1677 76 
397 1382 2531 
2005 115 1485 
2481 1155 1478 
1774 874 1861 
534 629 933 
1153 1157 761 
211 787 1908 
1121 1203 1654 
1009 1635 910 
614 1 1098 
2560 1831 476 
1630 1314 601 
651 2468 1674 
336 205 1241 
1484 1202 783 
1598 1271 2154 
1296 1187 661 
1087 2400 29 
146 405 2059 
2159 2157 1647 
24 201 17 
1671 811 210 
1279 2186 74 
1748 2421 977 
2497 2436 2031 
541 294 107 
969 296 2452 
987 2353 1063 
2134 1916 1498 
772 2388 2184 
2115 386 1434 
887 1635 1009 
2513 585 1429 
1261 983 2384 
2610 1171 366 
1947 1272 1942 
2415 1715 1745 
2531 82 1113 
2639 700 1032 
2067 1477 1935 
1323 34 1990 
2609 2004 1987 
712 850 2134 
928 1600 2583 
230 605 972 
2382 814 2498 
1919 1916 778 
2595 2607 178 
1111 2500 2129 
922 275 1996 
156 155 2627 
477 2569 380 
274 233 1833 
1065 662 864 
1216 629 526 
675 1965 1010 
2000 1105 1873 
1067 2515 1742 
139 1180 1304 
1138 2360 283 
2174 563 519 
2374 2111 1404 
2440 1513 2652 
697 1891 2042 
2300 1747 367 
1315 157 1615 
1911 728 1913 
1005 1236 1264 
786 921 2067 
2045 1871 1682 
2043 1922 2337 
1495 2226 2223 
274 1486 1619 
567 464 174 
2565 2204 2567 
271 813 2176 
262 1637 830 
2677 726 2678 
650 2083 2556 
773 1656 1466 
1226 56 2529 
1393 2694 431 
1728 767 1281 
2668 2667 171 
375 2401 2434 
1388 839 965 
839 2277 964 
204 2057 2014 
1034 2659 721 
1988 1124 1687 
905 1412 2452 
105 1731 466 
1113 288 2364 
2580 605 923 
1538 454 747 
1496 2512 1706 
522 2098 1270 
1431 1678 632 
2313 1678 902 
2257 1565 72 
1764 62 362 
2084 589 459 
1099 1055 1607 
1016 1256 2176 
1261 912 430 
1068 2265 1563 
1746 259 467 
2697 107 1650 
906 2353 1063 
1058 2165 2189 
1507 2436 1962 
1949 1334 1868 
307 2333 2479 
496 41 1956 
393 2061 50 
1228 846 1329 
1338 2102 2103 
2249 428 1135 
183 1794 1796 
1281 1284 1103 
1646 1471 346 
1967 2237 2579 
531 2661 159 
2204 788 740 
1231 653 1687 
579 994 1134 
1541 321 1450 
354 1388 736 
526 1038 533 
1889 30 1692 
2322 1193 1267 
2623 675 1965 
2093 1088 1164 
1312 1790 1797 
1981 2013 1587 
2361 2037 1461 
698 2150 1563 
982 1256 2176 
642 2040 503 
2696 2346 2002 
1456 528 2101 
2076 2668 775 
2149 1227 1626 
554 2504 2112 
24 2691 206 
625 47 91 
2211 1125 2201 
986 2538 401 
600 1883 2397 
1883 1027 600 
2166 446 2030 
342 2254 2622 
2205 2206 2471 
587 2639 1310 
1586 2377 173 
2659 721 967 
73 2597 1745 
292 1369 2463 
174 806 1383 
1007 533 526 
1332 771 2156 
1720 1719 1755 
1740 609 2446 
2199 1925 52 
724 199 2395 
713 2433 930 
1786 250 2429 
832 2600 1202 
2333 1588 373 
462 2067 1098 
1432 2706 169 
1320 2564 194 
2336 1417 2260 
664 1872 1861 
1508 2118 1479 
1605 1221 1432 
1099 981 570 
2482 2438 168 
1821 835 2454 
988 2165 2189 
1600 1444 922 
2272 648 1700 
339 924 814 
313 1818 2008 
1518 2352 2353 
1518 2352 1063 
932 864 662 
1576 1820 1440 
936 2366 46 
984 172 2633 
1220 2158 1274 
1470 2094 389 
198 2673 2678 
762 2086 1088 
2338 54 345 
1675 1884 1676 
1166 1603 1858 
2644 1387 419 
1716 1150 489 
151 2542 2040 
2116 2342 130 
2344 721 1951 
2563 1230 1342 
1429 2350 585 
1450 2114 1005 
2258 2552 212 
2396 1420 2110 
2243 2247 2509 
2435 761 1153 
1072 2093 762 
1552 859 36 
1093 640 1271 
595 1590 1582 
2577 1171 906 
1090 1271 1598 
2645 258 2399 
396 1648 2411 
792 2210 2474 
420 203 2228 
2065 1477 2067 
1607 981 1055 
1876 547 1212 
2146 2148 548 
623 670 2290 
998 1284 1750 
725 842 2010 
2276 1197 2103 
1663 1235 2500 
260 1365 22 
390 2630 930 
1533 2674 1135 
1120 2293 1916 
2129 2125 2127 
677 339 1061 
971 288 2364 
2641 1717 1800 
2104 809 1882 
1223 568 1810 
80 2133 434 
497 572 433 
2124 2126 2501 
1110 1916 2293 
1203 2136 886 
1793 679 646 
1384 1760 1480 
669 2579 1577 
1025 373 2200 
791 158 2205 
1995 366 2009 
2275 749 1527 
394 2351 849 
2314 482 2313 
2025 2281 1977 
690 343 1867 
2185 1500 32 
579 2077 1665 
996 2249 1366 
1751 1189 628 
1847 2014 2152 
938 2360 1366 
1467 2053 2330 
358 2536 1638 
2693 2438 2635 
2264 995 161 
286 2337 1618 
556 112 660 
1712 1734 754 
801 1199 1089 
1894 1839 229 
2220 1205 1761 
770 2588 1846 
1077 489 1716 
1386 2378 1108 
2059 2187 512 
761 1087 1157 
2476 59 757 
1254 881 1308 
771 2261 61 
1153 761 884 
426 1773 1459 
669 729 1221 
781 377 288 
2548 1749 2549 
1510 782 808 
252 1683 992 
322 263 2651 
213 2161 144 
1075 637 1603 
342 530 2106 
2622 1769 1466 
1737 1765 111 
404 1476 1955 
2610 913 1995 
1390 1857 532 
1345 2507 1486 
1677 300 2102 
1129 849 2351 
877 1177 402 
877 1176 402 
1984 1908 1529 
410 2665 807 
1304 103 937 
474 457 2213 
1183 1827 559 
1827 1182 1408 
1884 2461 1074 
1594 2378 31 
460 681 1445 
1296 895 106 
292 852 35 
290 274 1136 
2100 2427 2586 
2381 260 2242 
2303 1813 383 
2322 655 1584 
2670 1366 996 
838 279 2425 
1205 1367 813 
479 1651 318 
1649 1123 34 
2448 1470 2390 
2564 1320 1502 
710 457 474 
1484 1510 2387 
1121 285 1980 
2196 1631 2277 
1148 2220 4 
688 1545 2673 
2289 2465 2373 
187 1419 2259 
2616 188 101 
1648 333 396 
254 338 295 
1854 1853 1876 
1290 247 2306 
2391 1412 2113 
285 2281 690 
933 1007 526 
2411 1116 352 
2590 907 1498 
1329 1808 1489 
1274 2158 1069 
1159 620 729 
2177 1370 925 
1116 568 1574 
1999 1842 842 
2543 2579 2477 
959 56 447 
2404 1021 1027 
846 994 2702 
867 2614 2446 
1342 2563 1081 
653 228 183 
624 391 386 
2692 1310 2433 
463 22 2244 
1663 1462 1106 
2479 946 2554 
2062 749 1128 
1596 1492 1744 
270 1400 692 
706 805 258 
205 1815 216 
509 273 846 
2390 704 1743 
2414 675 493 
1459 426 1624 
336 1087 892 
2128 2142 1321 
1682 1651 948 
2558 2556 1724 
202 353 545 
1448 435 608 
2656 475 2652 
1787 2084 656 
2440 1308 1155 
1597 320 432 
1016 982 2176 
2671 368 492 
1571 1144 2638 
2137 1394 2467 
283 938 79 
912 983 430 
110 609 933 
1407 1907 1964 
443 248 1531 
678 1813 2008 
2593 1900 1277 
1009 1698 1635 
1929 2449 1614 
2227 516 1501 
975 382 1696 
1598 1093 2370 
1947 1946 914 
1462 2127 2129 
1220 291 1860 
1468 714 2039 
1962 1395 77 
1266 1677 2593 
309 2008 1265 
2186 901 74 
449 2581 2612 
998 1284 1430 
2685 732 741 
2324 296 2650 
1604 757 1718 
1690 2131 1540 
538 1613 1657 
960 46 1393 
2014 1847 2108 
2095 685 2403 
1213 2306 2541 
1660 2105 1583 
1720 263 1719 
2312 57 539 
1814 785 413 
1858 2610 418 
895 661 1187 
845 2568 1866 
1325 1648 1210 
1100 1875 224 
402 877 1177 
1316 2140 17 
2548 2189 2549 
450 2393 2163 
1180 103 937 
1565 1886 926 
1747 358 1612 
1444 121 1600 
1254 1627 2440 
415 755 1526 
2692 1233 1032 
1335 468 2327 
1012 2047 468 
1311 103 2327 
890 1630 815 
944 2142 157 
1301 2140 17 
111 1737 1148 
2662 2661 2555 
2011 2550 1672 
1349 1200 2564 
2142 2489 2128 
2265 1848 65 
664 1853 1854 
718 583 2223 
1298 1997 1648 
2064 1406 2617 
495 1328 2192 
1327 495 92 
1219 1808 1489 
2068 1204 2549 
1581 1819 1948 
1982 1039 130 
324 2155 2156 
990 1949 1858 
468 294 2047 
2305 2087 733 
1346 318 646 
995 2103 2102 
1753 326 1752 
1936 1935 251 
2264 2099 707 
1230 2563 1081 
1507 379 2425 
462 1928 2309 
1173 264 844 
318 1337 1651 
2477 8 2543 
218 171 792 
39 1569 1320 
2239 29 2400 
2194 1464 1608 
262 1918 181 
97 35 1913 
371 392 2270 
2346 931 2061 
1613 1286 538 
2424 546 195 
1596 170 1712 
712 850 1370 
541 1650 107 
427 1398 425 
1372 2134 2135 
219 776 1931 
1933 1932 1940 
22 2477 2244 
996 2249 428 
2080 350 1624 
427 1398 1361 
1530 340 1272 
779 1919 1359 
431 2695 1393 
1362 2135 42 
1390 1701 1863 
1617 1492 501 
2586 700 1036 
2232 63 2021 
2132 1524 1482 
2058 353 2376 
1342 1451 1230 
1379 1230 1342 
70 1455 2299 
82 879 2283 
806 174 1037 
1760 1123 1480 
1481 196 949 
1151 1108 1044 
830 2644 955 
964 257 751 
2452 905 359 
467 1857 856 
414 555 2131 
2214 2213 2215 
431 2694 2695 
491 2116 2342 
1962 1276 2286 
2395 2228 1085 
100 2131 1467 
427 1361 425 
199 420 2395 
2698 692 1239 
1653 258 1094 
1482 2485 1919 
1974 249 1675 
400 233 1954 
229 1839 2115 
1326 2064 2617 
2 2469 1263 
1183 1827 1553 
1828 1827 472 
2475 285 2500 
1459 2212 1773 
969 905 1499 
507 1542 1300 
1415 1553 2275 
2269 370 1414 
721 1080 1034 
299 2260 529 
1809 313 1808 
2259 1015 698 
2396 277 504 
2109 696 1975 
2027 1071 2611 
2040 2121 196 
1621 1192 2291 
2337 2637 1544 
480 1763 2445 
1723 1833 1758 
1534 560 1684 
2513 585 911 
1718 1604 1284 
976 1678 632 
1049 169 1605 
1136 1758 73 
909 1987 1053 
325 1494 433 
2337 286 1425 
2673 2682 100 
2664 21 696 
2676 200 625 
1868 1866 1864 
1433 1222 2195 
432 2266 1597 
258 1401 1240 
10 2642 1059 
1446 681 169 
1445 681 169 
1930 147 818 
435 1251 1704 
2683 361 209 
321 1083 2519 
1081 319 1230 
2542 1078 151 
1853 1323 1854 
673 2572 566 
193 1381 1837 
1019 528 649 
40 67 2704 
561 2646 1491 
1773 1411 1158 
1018 2696 2699 
1545 1633 2393 
1663 1235 1273 
2133 434 1524 
1359 1370 850 
2494 1799 482 
1374 2208 2374 
1139 2053 1838 
1275 2039 714 
2349 2194 2358 
2448 1070 1072 
1646 999 346 
240 512 172 
165 2707 1099 
1908 2386 1667 
365 888 614 
1170 404 2341 
2065 2066 2067 
337 881 1499 
261 1508 2118 
72 1492 1760 
2043 1385 949 
779 1919 2132 
2451 957 1282 
893 2520 1202 
882 874 1052 
951 1586 274 
2137 249 651 
2601 2662 2555 
1329 1808 1219 
2085 468 2090 
2646 2637 1458 
1480 1562 825 
305 1923 1909 
818 147 1658 
950 2226 522 
974 66 2630 
2550 1615 1704 
586 2293 2128 
337 2452 905 
2185 1133 666 
349 2457 116 
1380 2242 1569 
2207 2519 321 
1835 544 108 
1825 1824 264 
762 2254 2106 
989 2436 2504 
2118 1053 1479 
2279 513 526 
1162 1202 2498 
2640 1626 769 
581 1792 440 
941 1830 686 
2345 256 291 
858 2133 711 
2699 1710 1189 
680 2620 2420 
1063 2352 1064 
1929 1268 1082 
83 64 1589 
2217 87 1849 
1697 71 2691 
1937 2138 548 
858 276 434 
682 1840 1918 
2010 2016 1309 
1956 2275 1128 
110 520 629 
1178 1908 1984 
1369 340 1947 
248 1264 443 
746 450 1303 
2674 726 1109 
1417 299 1428 
894 1916 1222 
548 2138 2410 
1381 77 1455 
451 471 666 
1485 2397 1052 
2183 2053 2347 
1005 321 1594 
1950 1413 2140 
1958 1881 1956 
635 2337 1425 
688 1206 1461 
1685 752 819 
2587 2643 2584 
775 531 159 
2286 2284 132 
1726 367 2167 
1771 836 660 
36 1089 859 
1825 1414 1408 
1657 1613 538 
1953 801 125 
654 1877 185 
1685 752 1546 
2308 1488 2539 
622 886 1134 
1780 1770 112 
2318 660 1551 
1480 1492 501 
2633 1015 984 
2082 452 1571 
1305 978 1886 
2528 2287 234 
2500 2139 722 
268 2514 2389 
2684 1532 2207 
1976 502 571 
1144 1561 556 
2078 1551 836 
2568 532 2611 
1223 1116 568 
2646 561 1601 
1819 511 1820 
669 1055 1987 
2292 636 2321 
472 47 1024 
6 1925 373 
1331 1948 1819 
2598 595 1091 
1291 1120 1660 
1656 2088 2048 
2399 1157 1153 
1033 173 1833 
1845 1013 1840 
2333 1047 2055 
2414 2616 328 
1091 862 595 
481 1813 823 
1972 604 331 
537 2192 144 
31 2378 297 
2551 418 2244 
1358 1238 2167 
1255 320 2266 
2370 1271 2424 
609 2448 1155 
1059 922 2583 
1886 1799 1492 
726 2675 1533 
1075 230 1166 
1284 757 1718 
1432 169 2707 
819 1632 1754 
1099 1941 981 
2126 2501 1235 
1998 573 1880 
565 372 1724 
2489 2128 2577 
263 1306 1747 
1286 538 1657 
164 2342 2449 
2550 1497 1820 
1476 404 1170 
1374 1492 825 
635 588 1143 
720 233 2511 
1735 1412 704 
377 2291 1424 
1898 1713 2033 
133 1772 1296 
2080 1245 1367 
2188 555 414 
769 1511 1021 
357 2651 1308 
2232 92 544 
2612 5 1711 
890 634 1314 
2196 2202 1204 
1753 1339 1754 
1461 2393 1303 
1096 1349 2538 
1267 1009 1900 
2139 570 2430 
822 1525 777 
136 322 358 
1533 1109 726 
1771 2088 1656 
633 0 467 
473 243 2647 
1545 1071 799 
2153 1843 2057 
2286 1549 1959 
1471 999 346 
2159 2157 2209 
1210 1298 1325 
362 2354 34 
107 986 541 
1248 1346 318 
2071 1972 1592 
1401 1094 2434 
2471 835 2205 
2659 1567 816 
1584 1771 1640 
2688 1613 538 
2108 1288 2015 
2612 5 1516 
1291 2105 1583 
1137 2179 708 
1666 2483 1823 
1235 1462 1106 
2147 166 245 
1134 962 843 
1662 2483 1823 
1985 2386 1474 
42 891 651 
2332 2406 2619 
308 303 102 
900 1523 1048 
413 2149 2011 
2660 2431 1327 
891 2608 1474 
1074 113 1403 
1074 2109 2217 
2593 878 1174 
977 2313 2314 
1907 17 2140 
2311 446 1841 
2325 2327 308 
1248 948 1963 
2105 1163 778 
2486 1428 406 
752 1546 1557 
2658 1633 2211 
1694 333 246 
177 2679 1639 
1736 90 480 
1901 1285 2622 
700 917 1181 
146 2416 1008 
434 2133 1463 
1731 246 970 
276 2408 2502 
2426 382 2102 
1522 71 2691 
23 2622 1895 
448 1582 2510 
1707 648 1060 
1863 532 766 
2238 2241 2236 
2 332 2469 
435 1497 1448 
350 329 937 
2585 1496 2512 
1700 750 648 
873 2602 2537 
686 616 977 
1758 797 687 
1629 1996 16 
2389 2167 1358 
191 1791 1622 
744 188 1727 
915 628 174 
1077 1801 1150 
16 1731 1114 
1430 1604 1284 
1720 223 1040 
1040 1719 853 
105 689 796 
2392 312 389 
748 626 2558 
626 2556 1723 
2597 1715 1745 
1550 1617 1374 
188 1714 1209 
961 767 618 
530 708 244 
825 1755 1596 
1694 16 970 
750 1700 1060 
613 170 136 
1757 359 1712 
2685 1620 2324 
90 1689 1763 
111 1520 64 
2365 985 466 
2365 1750 1738 
1041 2390 1243 
763 755 1984 
2503 1154 2515 
704 1620 1214 
825 1492 501 
2597 2415 2596 
1678 2599 767 
1306 2525 943 
902 977 1887 
1161 2334 513 
1739 2365 1520 
1136 1189 1383 
1339 326 1753 
1339 326 1632 
326 1753 1632 
1040 1730 1720 
1606 2220 819 
1734 2167 359 
1710 1427 797 
493 2512 2488 
1384 1480 72 
796 1148 2221 
758 2616 1209 
90 1736 1426 
979 500 1712 
1737 1169 1629 
1887 53 1886 
1783 1785 452 
1837 2045 2000 
1895 1698 1267 
1780 1560 556 
1640 660 1551 
1782 487 426 
1459 1158 426 
874 1872 882 
542 2328 608 
1282 236 2685 
1779 589 1158 
484 2046 306 
317 1780 2084 
1770 1560 1779 
109 153 459 
1772 139 487 
1767 452 1785 
2088 1640 556 
1767 808 2382 
1045 1772 426 
2084 2318 1253 
655 330 1193 
134 1544 1560 
1012 608 1797 
1912 1713 1880 
581 2107 342 
1122 679 646 
1796 997 183 
997 183 798 
1794 183 2299 
699 1856 1312 
1778 1552 859 
2257 1601 178 
1114 476 2641 
1716 2113 1077 
562 742 1389 
659 77 2576 
367 752 1757 
2086 289 389 
453 45 1809 
49 2041 2119 
1809 313 1329 
1418 1808 313 
1223 1116 352 
1822 511 1331 
14 1810 1219 
2321 1265 2578 
2613 1294 2149 
205 1241 1820 
1878 782 203 
224 759 1852 
2301 2552 1062 
1331 1581 1576 
1815 1615 2550 
2578 795 1057 
1811 511 1819 
2483 369 1662 
1505 2591 1825 
1505 1553 612 
1408 2666 1824 
2666 1183 1408 
1409 1827 2666 
2192 213 144 
1513 2561 2299 
889 2560 2464 
2496 1638 2683 
1033 2377 2372 
800 687 1710 
544 1504 2161 
92 108 1835 
1381 1455 1768 
2198 1139 1467 
1865 2118 1508 
682 1525 2153 
2202 1981 1631 
502 1999 816 
1847 2014 204 
471 2276 272 
1587 1840 1926 
770 11 1149 
2014 1843 1288 
2418 1322 65 
87 42 1521 
32 666 2013 
597 161 2099 
1212 1453 215 
1854 664 1323 
1853 664 1323 
1992 221 1993 
2328 1797 2087 
1390 856 1172 
2253 1075 1334 
335 1875 1876 
235 226 2007 
351 1872 882 
2582 0 12 
532 1701 766 
2568 1297 845 
1839 690 2118 
637 1297 845 
2009 1132 690 
1440 990 232 
420 1396 199 
143 845 2568 
417 2045 948 
1774 874 351 
2454 127 2191 
722 17 2140 
335 1859 521 
1990 521 1212 
185 1556 654 
2256 854 97 
454 1142 471 
1609 1912 2104 
1543 41 1956 
300 634 162 
600 2397 1052 
1074 2217 1184 
2255 661 225 
53 1601 1766 
1766 1888 53 
1887 439 2658 
148 1008 48 
2042 1891 2575 
2042 942 791 
2039 602 1924 
1823 920 2609 
1147 1405 229 
1769 1698 1267 
793 1960 2329 
709 2592 2211 
755 1622 2095 
2504 137 135 
1266 1635 1009 
1690 2165 2622 
1593 537 2192 
2203 85 1902 
2491 1897 1960 
1511 1626 2640 
574 1152 576 
811 1263 1679 
1474 1178 1984 
291 256 1872 
1571 2256 109 
945 1913 1188 
191 2104 1880 
1353 35 97 
1372 175 42 
2135 2278 2649 
2293 1120 907 
2013 1974 2019 
262 1525 1352 
779 1482 98 
2422 1583 1660 
61 1376 1039 
2575 2042 714 
305 1493 1909 
2295 697 942 
602 1580 373 
2025 334 69 
897 2405 756 
1671 1344 2309 
1268 1519 639 
1447 818 983 
1943 776 219 
2508 1940 872 
1940 812 1932 
872 253 1943 
1340 1936 295 
251 1340 1935 
1523 2138 548 
2449 199 1399 
2067 1098 1176 
1933 812 1932 
1607 1099 1942 
1947 914 1272 
1931 872 253 
1945 2412 875 
1944 150 875 
1272 1947 914 
914 1272 1946 
1581 1331 914 
990 1603 1334 
875 310 1054 
2344 622 2204 
2204 1002 2130 
2086 1072 2363 
400 1404 644 
1476 1170 404 
807 1527 496 
2699 2585 1706 
1543 1956 496 
1645 132 379 
2329 793 2491 
1276 1962 694 
1276 1395 1961 
2286 1276 1682 
2003 2615 2378 
934 1010 675 
39 2241 2615 
2237 1000 1969 
2149 2640 1626 
2237 1970 654 
789 1969 2064 
500 463 362 
1592 331 412 
490 98 747 
2013 1917 1403 
2109 2110 1676 
1570 571 502 
818 2025 1131 
621 2017 2018 
1980 483 1999 
1979 483 1999 
334 1013 1926 
76 851 2020 
1435 642 1985 
1178 1908 2608 
1667 2261 1983 
143 673 2607 
2609 920 1434 
230 968 923 
2532 1994 981 
664 1323 34 
230 1946 28 
1855 1993 2354 
221 1992 870 
1989 1099 981 
1127 366 2009 
928 2063 1298 
1325 2703 1298 
2407 573 1609 
1980 1979 816 
935 1768 824 
2122 332 2120 
463 185 1234 
1964 2378 2696 
845 920 411 
880 2007 966 
2247 2243 281 
226 1872 351 
2301 1818 678 
1127 1867 1995 
2016 1526 1851 
1319 1672 2550 
2385 88 1976 
2019 2152 1917 
1847 1843 204 
851 1658 76 
161 2010 1851 
2467 323 1978 
1978 2017 621 
2152 2013 1840 
76 1982 130 
325 543 63 
87 2190 2016 
2190 97 412 
323 498 211 
1131 1926 2281 
966 115 204 
1422 198 1071 
2354 912 221 
559 163 594 
2166 1029 446 
2436 903 135 
2404 836 1227 
740 486 2077 
2206 1031 2205 
697 617 2261 
2361 1461 2605 
691 2361 1814 
579 1134 1559 
714 1892 1275 
151 196 503 
1807 665 617 
2575 1891 1922 
949 1481 1385 
2362 1923 2637 
1871 563 948 
306 294 1778 
294 1312 468 
1584 2088 1656 
1139 1467 1838 
2528 539 252 
2453 2673 1071 
2183 2073 2053 
1467 1139 2183 
142 95 2180 
2198 1588 1838 
734 736 525 
966 1644 204 
1378 353 202 
1152 146 405 
393 2061 2271 
393 2060 278 
1237 1211 254 
327 1325 928 
1326 1406 1970 
1477 1098 2066 
1477 2065 1098 
918 1477 2065 
1330 227 772 
2070 2101 701 
2069 2101 227 
1652 63 2528 
100 1690 2189 
2052 2200 1025 
2197 95 2202 
2667 2268 2296 
1020 775 2668 
486 2668 2033 
1572 2621 1551 
306 2046 2093 
1624 1367 350 
2328 542 656 
1564 556 1784 
650 957 2212 
1787 980 2318 
1490 2090 2087 
1072 1805 1953 
2328 1490 2085 
1640 1584 2048 
656 2328 2505 
1490 2085 468 
715 656 1458 
2208 226 351 
1011 1088 153 
1070 1953 945 
1289 2096 255 
2095 487 1289 
2565 953 348 
522 975 2226 
707 1341 2264 
1190 540 1184 
528 1456 1019 
995 1338 2103 
1338 995 753 
1912 1115 1609 
1683 1291 1660 
1167 342 762 
487 399 1792 
1288 1658 433 
1975 1676 2110 
1975 1085 747 
414 2374 940 
2030 1022 554 
1801 1716 1077 
1083 445 1450 
386 909 1434 
1079 130 2342 
1405 229 1894 
1508 1053 1479 
192 862 49 
2122 442 591 
196 2040 151 
332 1703 2120 
91 131 683 
1273 1462 2126 
1111 2129 546 
1462 1235 1608 
2129 1111 1273 
2489 1611 2577 
1111 2125 2127 
368 48 148 
1285 1391 1397 
1377 1482 1370 
1117 434 80 
907 2278 1916 
2282 1915 1372 
1121 272 2475 
1487 1314 1394 
1523 1937 548 
1636 570 2500 
17 1316 1301 
24 17 1301 
1321 1315 1247 
302 409 719 
1899 554 1022 
399 487 2095 
1101 374 2147 
1664 2146 1101 
846 1101 1228 
413 658 1021 
698 1015 588 
242 2281 550 
2019 851 1137 
1644 1843 682 
894 1660 1291 
1333 324 2156 
324 1039 1332 
2159 898 1647 
1220 1069 1274 
1647 2157 898 
2157 898 2159 
1835 544 23 
617 575 705 
2393 1303 2338 
2282 2317 1403 
1058 988 1901 
1029 446 2030 
1596 1712 1757 
2169 1250 876 
2168 834 876 
967 2659 721 
195 2357 1357 
2180 2054 142 
2325 1944 1831 
939 387 182 
4 2507 2221 
1256 982 1016 
925 1222 894 
478 815 162 
708 630 1729 
347 2172 408 
1388 315 257 
903 52 81 
1540 2053 100 
70 1381 193 
1500 1133 666 
1279 2263 2490 
240 1472 512 
555 1625 682 
988 1058 1302 
604 2023 1592 
127 2298 679 
144 213 495 
214 644 57 
1469 1535 2195 
2480 1222 1333 
1631 2202 1204 
2074 257 95 
2055 1838 2330 
901 731 1042 
2053 2073 1467 
1025 2211 2073 
2196 1631 2074 
20 2270 2269 
1002 622 1951 
1031 2471 2206 
1031 2205 2034 
1503 1264 2355 
226 1860 2092 
763 108 645 
2474 2657 864 
1025 2201 709 
1411 1459 589 
2214 1392 2215 
2213 1392 2215 
2214 1392 2213 
51 710 1201 
1884 1074 1676 
2083 1624 638 
485 1588 2333 
1148 1756 1761 
4 758 2507 
583 2223 2225 
583 2222 2226 
284 75 84 
84 2222 583 
2223 583 1495 
2229 266 1501 
465 2395 1396 
266 2227 1097 
27 171 531 
636 1897 388 
1376 1628 2049 
2292 971 1578 
2502 2481 881 
676 410 2665 
706 2237 2238 
1967 1969 706 
1240 2236 1702 
1350 882 1774 
2645 152 1157 
66 2631 1702 
22 2632 237 
1086 2509 2579 
2551 418 22 
2543 418 8 
269 1086 1310 
1086 2579 2006 
1257 368 2671 
996 1135 1366 
2629 2360 837 
2252 589 409 
2251 589 1785 
1858 1846 770 
1506 762 2106 
225 1885 661 
35 97 1353 
1799 978 207 
212 1084 2650 
1419 1208 187 
529 1417 1051 
1156 1985 2035 
810 238 330 
2490 2186 1481 
707 1341 1142 
1322 984 65 
1597 1442 1255 
2321 1963 2462 
377 1621 1160 
1415 20 2270 
20 2375 2269 
2272 648 1060 
1060 648 241 
648 1700 241 
60 331 644 
1128 1527 749 
1105 1844 272 
751 1204 965 
2134 181 1915 
227 533 526 
838 1133 2151 
1131 2025 2151 
2317 2135 2164 
1382 879 916 
1549 2286 2096 
1959 2297 2266 
1549 1395 1645 
2499 2288 234 
2287 2499 2528 
1207 2465 2628 
515 444 670 
1621 377 1424 
2233 1578 636 
1916 1110 1120 
2428 1141 2571 
1924 942 697 
2667 962 2668 
1795 1231 653 
1381 2191 948 
1381 70 1796 
943 1144 655 
2008 45 1818 
192 759 1817 
45 2301 1192 
469 2702 601 
733 1336 642 
1290 78 1213 
72 1480 1562 
790 12 606 
1344 1928 2138 
2653 2422 553 
1680 707 446 
1293 539 57 
977 2314 345 
1130 2313 856 
461 147 818 
2621 2426 2510 
2282 2164 2135 
1561 1787 459 
699 2320 318 
2319 1337 2621 
1813 2494 1578 
1193 655 1584 
852 289 344 
1283 296 905 
2173 102 1059 
255 161 1277 
308 695 1311 
2087 2081 1856 
1960 2491 1904 
1139 2198 1467 
2510 2316 667 
1669 2406 2619 
1047 1588 307 
58 1749 1712 
2417 576 2040 
1051 2417 588 
1436 1425 1544 
1073 2163 2393 
237 1703 2340 
2379 2381 1191 
1476 56 1170 
164 1614 19 
550 2521 2475 
1951 622 886 
256 1514 291 
1018 214 2193 
619 1540 1069 
503 151 574 
1469 2358 2378 
585 774 2386 
394 1129 849 
1063 1518 1064 
1063 906 1518 
2028 1485 1649 
195 675 934 
2479 1236 991 
195 2171 2355 
398 1957 2349 
449 1280 5 
2629 938 692 
2605 2036 49 
2637 2640 1514 
125 1381 2184 
1113 916 2531 
1738 1739 466 
46 1067 1604 
640 1090 1093 
599 2369 15 
15 2368 765 
1598 730 1271 
586 1498 599 
1833 631 58 
2465 828 1207 
268 2111 2557 
2270 20 128 
893 2544 3 
1033 1833 1586 
2003 1964 2615 
2340 260 1556 
2700 2417 2571 
2340 1191 714 
924 814 1785 
1419 1208 1015 
668 2672 912 
88 2012 1912 
1474 1667 529 
638 1202 271 
701 184 520 
268 1712 2374 
2391 1243 1740 
2390 1214 312 
1722 312 535 
1303 2163 1461 
2227 578 2457 
1396 2228 1399 
1420 1085 504 
600 1883 1027 
1823 855 2471 
2645 152 1094 
29 1350 896 
375 2434 470 
2268 1016 2090 
2316 685 975 
1027 600 1227 
816 1842 1655 
2332 1669 2043 
1998 573 479 
1695 227 2502 
716 603 692 
2411 2580 549 
549 1217 2410 
197 1944 43 
2414 328 2596 
2413 1589 2596 
2596 915 1745 
512 172 1152 
2335 2380 2336 
2419 65 1848 
2418 65 74 
2028 1517 912 
1358 902 1886 
2653 1920 2310 
270 1133 1500 
1357 2369 15 
1343 93 1195 
1696 1058 2165 
349 116 225 
419 2635 2533 
250 1045 225 
570 1055 1636 
2432 2660 1673 
2431 2624 2701 
1233 1044 2692 
375 2401 1653 
1087 761 1153 
1507 2031 989 
168 1056 2482 
2482 2635 1141 
871 2530 2442 
2652 2460 1254 
494 2460 2523 
871 1254 723 
564 615 526 
580 464 687 
464 1038 952 
609 657 1041 
2502 513 2408 
1470 1199 1072 
1938 1268 1614 
489 1150 1077 
1483 957 704 
1499 562 742 
2051 1302 100 
2455 1873 519 
122 123 26 
672 866 1763 
2109 1501 1421 
499 2649 506 
806 2689 1383 
2441 2440 494 
803 106 584 
1857 1204 475 
1036 584 292 
267 1831 584 
2373 1207 828 
565 1262 1528 
2017 1259 2137 
891 249 2020 
2 1407 1703 
654 1556 1877 
2205 1031 1654 
705 788 738 
2474 217 2210 
2473 2210 2657 
424 550 2343 
580 1154 970 
1347 1365 418 
1771 660 1640 
1236 991 2356 
712 850 921 
2502 881 2499 
1056 2438 1141 
369 1823 1662 
385 2483 1662 
1402 842 1482 
1684 455 2148 
2488 2592 840 
2487 2592 840 
1611 2128 1321 
2263 1018 2186 
2329 1904 1960 
758 64 1762 
1907 722 17 
1465 2320 2319 
960 1003 1641 
1832 822 2549 
903 2436 703 
814 2520 2524 
2506 2287 2481 
1567 927 2125 
1874 1608 2126 
2234 2481 1695 
580 2515 2444 
135 2436 554 
134 2089 1560 
2499 2053 2131 
1379 2175 2221 
1932 253 1940 
1086 2243 2247 
1458 2331 561 
497 680 1404 
2585 1706 974 
911 1429 585 
1358 2421 1568 
2503 246 466 
703 2517 801 
1067 801 2516 
2538 602 1135 
321 1225 1450 
299 1417 2498 
550 2343 2206 
2656 1252 871 
2441 494 978 
774 2498 924 
1747 2643 1040 
560 1534 1428 
777 822 1637 
1566 2287 2050 
959 1668 1958 
2439 871 2442 
916 82 879 
1989 2574 1994 
421 2428 2635 
729 1221 1186 
2574 981 1225 
804 802 358 
117 259 2602 
2518 1026 1634 
281 954 2564 
2632 237 2244 
1371 2268 2306 
1078 1452 413 
8 2245 1347 
3 2600 783 
820 326 292 
2554 1426 1136 
488 140 1207 
2549 1161 1302 
2548 1161 1302 
1615 1497 2605 
418 2244 1595 
1084 2258 1818 
312 1398 1509 
2689 2546 1751 
2662 1318 2661 
2558 626 748 
2374 268 2389 
2556 748 626 
2605 2361 2552 
889 476 1831 
852 2443 2323 
2586 1375 2463 
1081 1342 1230 
194 1200 1320 
953 2567 2204 
2567 2098 522 
2566 2098 522 
845 1297 1864 
477 380 930 
1386 167 1151 
2700 727 2380 
278 1454 776 
297 2430 570 
2535 2532 981 
1922 2042 1890 
1803 77 1680 
1611 2128 2489 
1821 1813 531 
669 1225 2247 
972 1228 846 
328 449 1589 
0 1862 633 
247 166 607 
1726 1617 1547 
1706 2512 1496 
1375 1036 2463 
1547 29 2400 
1149 770 1846 
278 2061 393 
1218 1498 907 
234 399 1165 
2487 2488 1897 
1677 878 1266 
2680 82 1382 
207 178 345 
2415 2414 2413 
1745 1035 73 
1582 2081 1802 
767 1746 1678 
832 2544 3 
2609 1488 2555 
2603 117 2537 
2602 117 2537 
26 123 122 
2361 2559 2550 
209 2373 2465 
363 637 926 
651 1674 1178 
920 411 1987 
1171 913 870 
1422 198 1857 
5 1629 1659 
1814 413 658 
867 657 2516 
1964 2003 2378 
1209 101 188 
298 1326 1406 
2619 422 1669 
2618 2332 422 
1517 680 1633 
646 2078 2316 
1690 1168 1698 
1010 675 1965 
2701 2432 2431 
2626 1239 743 
2625 122 743 
90 1426 1763 
2663 2289 1207 
692 2360 837 
1496 66 1706 
66 834 876 
237 2540 2242 
1563 2406 2332 
2636 168 167 
2693 2438 1141 
2634 168 2437 
2362 1491 1425 
644 60 2274 
917 700 1032 
1511 2362 256 
535 1114 189 
1444 1756 364 
2525 301 1040 
830 1076 1387 
152 2399 1094 
561 1491 1575 
473 243 104 
217 2473 991 
499 2458 1915 
2258 212 784 
615 357 1627 
2440 1252 1254 
2422 2310 553 
2689 1037 174 
1397 2334 2201 
1252 2522 2277 
2658 439 1888 
2657 439 1887 
1034 967 721 
1673 2431 569 
1001 1318 792 
1318 2555 2661 
2628 179 1207 
21 1438 696 
410 1179 676 
1827 239 1408 
2668 962 2296 
2667 962 1020 
592 1415 731 
1194 1366 837 
1257 2248 492 
2384 34 2007 
1071 688 2678 
2675 1533 726 
2674 726 1533 
1439 200 625 
956 726 1533 
428 2673 1071 
177 1688 837 
2594 369 2483 
1003 267 2464 
726 1437 2675 
1449 361 209 
2563 1569 1230 
1735 1620 1282 
2687 456 2688 
2686 456 397 
1657 1613 538 
2554 2654 2459 
611 641 10 
206 71 1522 
1233 1310 2433 
2635 1141 2438 
431 2695 1393 
431 2694 1393 
1018 1460 2003 
986 538 1286 
1400 692 1239 
1957 1516 1460 
2571 2380 727 
2624 2432 2431 
2304 601 469 
333 1997 1210 
641 611 2690 
287 270 2423 
1432 1049 169 
165 1473 169 
